src/main/java/com/github/theholywaffle/teamspeak3/commands/Command.java
  s_32edc947027172::t_67cba3a63650af 29,39,44,51
README.md
  s_32edc947027172::t_e5ee3e8507b143 7-8
docs/futures.md
  s_32edc947027172::t_e5ee3e8507b143 1-21,26-63,66-90,92-114
  s_32edc947027172::t_0c2f95dd607cd9 22-25
  s_32edc947027172::t_49357d9d9779fe 64-65,91
src/main/java/com/github/theholywaffle/teamspeak3/TS3Api.java
  s_32edc947027172::t_67cba3a63650af 114,149,172,193,212,232,252,282,305,328,349,368,392,423,447,468,489,509,533,561,609,639,667,702,717,740,762,787,809,828,846,866,895,911,922,938,953,970,990,1011,1026,1045,1063,1081,1107,1126,1145,1164,1181,1202,1220,1240,1258,1278,1293,1308,1323,1341,1356,1375,1390,1411,1429,1449,1465,1481,1514,1549,1578,1609,1637,1662,1679,1703,1726,1752,1770,1790,1805,1819,1833,1853,1871,1892,1917,1936,1955,1974,1992,2006,2024,2042,2056,2076,2094,2112,2130,2148,2162,2177,2195,2210,2230,2248,2266,2284,2305,2326,2350,2376,2400,2426,2454,2474,2496,2509,2523,2532,2546,2563,2576,2594,2612,2627,2646,2666,2688,2709,2722,2738,2756,2772,2788,2804,2822,2838,2855,2873,2890,2908,2921,2939,2961,2974,2987,3005,3019,3038,3057,3075,3093,3114,3134,3151,3167,3186,3204,3225,3237,3260,3288,3309,3334,3355,3378,3401,3428,3451,3476,3497,3520,3543,3570,3585,3601,3618,3636,3661,3677,3704,3726,3746,3768,3787,3804,3839,3856,3874,3891,3904,3924,3951,3969,3993,4011,4035,4052,4075,4099,4123,4146,4161,4184,4199,4217,4238,4265,4290,4305,4322,4341,4360,4378,4392,4406,4420,4436,4450,4466,4480,4497,4508,4524,4546,4569,4605,4643,4669,4697,4733,4756,4773,4790,4804
  s_32edc947027172::t_c7c3b6ec2aa7f4 50-56
src/test/java/com/github/theholywaffle/teamspeak3/CommandFuturesTest.java
  s_32edc947027172::t_5c6f1b8bbce057 1-23,32,39-250
  s_32edc947027172::t_9d88342139284f 24-31,33-38
src/main/java/com/github/theholywaffle/teamspeak3/StreamReader.java
  s_32edc947027172::t_67cba3a63650af 29,170,175,179
src/main/java/com/github/theholywaffle/teamspeak3/CommandQueue.java
  s_32edc947027172::t_67cba3a63650af 117,122,126,130,282
  s_32edc947027172::t_31be6b67191321 135-137,144-153,193,237,240-241,281
src/main/java/com/github/theholywaffle/teamspeak3/KeepAlive.java
  s_32edc947027172::t_67cba3a63650af 52
src/main/java/com/github/theholywaffle/teamspeak3/TS3ApiAsync.java
  s_32edc947027172::t_e5ee3e8507b143 57-59,61-70
  s_32edc947027172::t_dcc889637f6583 56,1745,1752,1755,1827,1833,1841,1844,2593,5327,5334,5337,5749-5758
  s_32edc947027172::t_67cba3a63650af 136,171,197,219,238,261,284,317,343,369,393,415,442,474,499,520,541,561,588,617,666,696,725,760,762,781,807,834,860,887,907,928,950,980,997,1000,1015,1034,1052,1072,1094,1118,1136,1157,1178,1199,1228,1250,1272,1294,1314,1340,1361,1383,1404,1426,1444,1462,1483,1504,1522,1544,1562,1585,1606,1629,1648,1666,1700,1735,1739,1786,1817,1821,1874,1900,1920,1947,1972,2001,2021,2044,2062,2077,2092,2113,2139,2142-2143,2145,2165,2191,2211,2230,2249,2267,2282,2301,2320,2335,2356,2382,2385-2386,2388,2405,2407-2408,2425,2444,2459,2475,2493,2509,2530,2533,2561,2564-2566,2588,2591,2618,2640,2644,2671,2696,2722,2747,2773,2802,2823,2845,2859,2874,2884-2886,2906,2924,2938,2956,2975,2990,3010,3013,3032,3055,3077,3091,3108,3127,3144,3161,3178,3196,3213,3230,3249,3252-3253,3271,3289,3303,3322,3344,3358,3372,3391,3406,3425,3448,3451,3473,3493,3516,3538,3557,3575,3596,3616,3636,3661,3685,3700,3726,3756,3780,3807,3830,3855,3880,3910,3912,3939,3969,3999,4024,4049,4079,4097,4115,4136,4156,4185,4202,4232-4233,4243,4266,4292,4317-4318,4320,4326,4346,4366,4403,4423,4443,4463,4476,4497,4524,4547,4573,4594,4620,4640,4665,4691,4718,4744,4746,4762,4787,4789,4805,4825,4848,4878-4879,4891,4917,4937,4956,4977,4999,5019,5036,5053,5069,5087,5104,5122,5138,5157,5171,5190,5215,5238,5277,5317,5321,5367,5397,5433,5462,5465,5483,5503,5517,5574,5576,5593,5595,5611,5613,5619,5621,5649,5666,5668,5687,5704,5706,5747
  s_32edc947027172::t_1917d5abea8ac3 44,999,1741-1742,1756,1758,1823-1824,1845,1847,2116,2359,2532,2570,2590,2643,2648-2649,3427,3450,4242,4325,4745,4788,4890,5323-5324,5338,5340,5533-5536,5539,5542-5543,5546-5547,5551,5553,5555,5557-5563,5575,5594,5612,5620,5667,5705
docs/events-and-capacity.md
  s_32edc947027172::t_e5ee3e8507b143 18-19,23,25-26
docs/releases.md
  s_32edc947027172::t_0c2f95dd607cd9 111-115
src/main/java/com/github/theholywaffle/teamspeak3/api/CommandFutures.java
  s_32edc947027172::t_0c2f95dd607cd9 3-40,92-93
  s_32edc947027172::t_53fab6a1859b4d 72-88
  s_32edc947027172::t_367908c420dfc2 42-71,89-91,94-103,105-117
src/main/java/com/github/theholywaffle/teamspeak3/TS3Query.java
  s_32edc947027172::t_8bfb426b279814 114,152-153,275,278-286,306,374-381
src/test/java/com/github/theholywaffle/teamspeak3/ConnectionLifecycleTest.java
  s_32edc947027172::t_f09755fec70161 49-50,90-91,113,135,225,239,259
src/test/java/com/github/theholywaffle/teamspeak3/EventResilienceTest.java
  s_32edc947027172::t_245acd324cfc75 134,136,138,143,167,169,173,187
src/test/java/com/github/theholywaffle/teamspeak3/FutureAssertions.java
  s_32edc947027172::t_7caf0f2972d704 1-23
src/test/java/com/github/theholywaffle/teamspeak3/ReconnectSemanticsTest.java
  s_32edc947027172::t_7ee923483155fb 67,112,124,177-178,201-202,214,237-238,264-265,286-287,290
src/test/java/com/github/theholywaffle/teamspeak3/ServerQueryProtocolTest.java
  s_32edc947027172::t_ab9331d597de05 128,149
---
{
  "schema_version": "authorship/3.0.0",
  "git_ai_version": "1.7.5",
  "base_commit_sha": "e3615b99828f901e7c01651770c9e8045a503376",
  "prompts": {},
  "sessions": {
    "s_32edc947027172": {
      "agent_id": {
        "tool": "codex",
        "id": "01a125cf-814f-7241-8752-f6bd9460ab89",
        "model": "gpt-6.1-sol"
      },
      "human_author": "TheHolyWaffle <TheHolyWaffle@users.noreply.github.com>"
    }
  }
}